[0.7, 1.0]: 0.2643	0.3047
[0.7, 4.5]: 0.3086	0.334
[0.7, 7.0]: 0.3142	0.334
[0.7, 7.5]: 0.3138	0.334
[0.7, 8.0]: 0.3147	0.3367
[0.7, 8.5]: 0.3152	0.3387
[0.7, 9.5]: 0.3173	0.34
[0.7, 10.5]: 0.3171	0.338
[0.7, 12.5]: 0.3156	0.338
[0.7, 13.5]: 0.3161	0.3373
[0.7, 14.5]: 0.3167	0.3393
[0.7, 15.5]: 0.3164	0.3393
[0.7, 16.5]: 0.3155	0.3387
[0.7, 18.5]: 0.3147	0.3393
[0.7, 20.5]: 0.3134	0.3393
[0.7, 22.5]: 0.3136	0.34
[0.7, 24.5]: 0.3127	0.3413
[0.75, 1.0]: 0.2645	0.304
[0.75, 4.5]: 0.3088	0.3333
[0.75, 7.0]: 0.3142	0.3333
[0.75, 7.5]: 0.3143	0.3347
[0.75, 8.0]: 0.3147	0.3367
[0.75, 8.5]: 0.3156	0.34
[0.75, 9.5]: 0.3174	0.34
[0.75, 10.5]: 0.3172	0.338
[0.75, 12.5]: 0.3157	0.338
[0.75, 13.5]: 0.317	0.3373
[0.75, 14.5]: 0.3167	0.34
[0.75, 15.5]: 0.3166	0.34
[0.75, 16.5]: 0.3154	0.34
[0.75, 18.5]: 0.3152	0.3393
[0.75, 20.5]: 0.3138	0.34
[0.75, 22.5]: 0.3127	0.34
[0.75, 24.5]: 0.3119	0.342
[0.8, 1.0]: 0.2649	0.3047
[0.8, 4.5]: 0.3089	0.3347
[0.8, 7.0]: 0.3143	0.3333
[0.8, 7.5]: 0.3142	0.3353
[0.8, 8.0]: 0.3149	0.3367
[0.8, 8.5]: 0.3157	0.3413
[0.8, 9.5]: 0.3176	0.34
[0.8, 10.5]: 0.3176	0.3373
[0.8, 12.5]: 0.3159	0.3387
[0.8, 13.5]: 0.3166	0.3387
[0.8, 14.5]: 0.3165	0.3407
[0.8, 15.5]: 0.316	0.3407
[0.8, 16.5]: 0.3149	0.34
[0.8, 18.5]: 0.3151	0.3407
[0.8, 20.5]: 0.314	0.3393
[0.8, 22.5]: 0.3129	0.34
[0.8, 24.5]: 0.3118	0.3427
[0.85, 1.0]: 0.265	0.304
[0.85, 4.5]: 0.3091	0.3347
[0.85, 7.0]: 0.3147	0.334
[0.85, 7.5]: 0.3142	0.3353
[0.85, 8.0]: 0.315	0.338
[0.85, 8.5]: 0.3155	0.3413
[0.85, 9.5]: 0.3177	0.34
[0.85, 10.5]: 0.3174	0.3373
[0.85, 12.5]: 0.3156	0.338
[0.85, 13.5]: 0.3168	0.3393
[0.85, 14.5]: 0.3175	0.3413
[0.85, 15.5]: 0.3167	0.3407
[0.85, 16.5]: 0.3158	0.34
[0.85, 18.5]: 0.315	0.3407
[0.85, 20.5]: 0.3141	0.3393
[0.85, 22.5]: 0.3124	0.34
[0.85, 24.5]: 0.3123	0.3433
[0.9, 1.0]: 0.2654	0.3047
[0.9, 4.5]: 0.3091	0.3347
[0.9, 7.0]: 0.3143	0.3347
[0.9, 7.5]: 0.3143	0.3353
[0.9, 8.0]: 0.3151	0.338
[0.9, 8.5]: 0.3178	0.3433
[0.9, 9.5]: 0.3175	0.34
[0.9, 10.5]: 0.3176	0.3373
[0.9, 12.5]: 0.3152	0.3387
[0.9, 13.5]: 0.3164	0.3393
[0.9, 14.5]: 0.3173	0.3407
[0.9, 15.5]: 0.3166	0.3407
[0.9, 16.5]: 0.3156	0.34
[0.9, 18.5]: 0.3154	0.3407
[0.9, 20.5]: 0.3137	0.3393
[0.9, 22.5]: 0.3126	0.342
[0.9, 24.5]: 0.3129	0.3427
